89.35953058890794
87.82086983037925
86.29856908709738
84.77579988564895
83.25667772060226
81.72980903373356
80.19620506956355
78.65213874595007
77.12405870020964
75.5923552506194
74.067035639413
72.52950485991995
71.00334362492853
69.47640022870212
67.9482843529636
66.43991766723842
64.92013569658852
63.420694492090725
61.9118582046884
60.32495826186391
58.65731427482371
56.983181246426525
55.34018219935201
53.708426148275215
52.05143663045549
50.3864974271012
48.7275685153421
47.06369963788832
45.38503525824281
43.72078521059654
42.06225271583762
40.381328759291016
38.68740232513817
37.04590661330284
35.971006670478374
35.28155212502382
34.794160472651036
34.40004269106156
34.097119115685146
33.855396226415095
33.65715723270441
33.49060110539355
33.356386506575184
33.24456032018296
33.15595197255575
33.08588374309129
33.01908442919764
32.964147131694304
32.91533905088622
32.86870211549457
32.82629769392033
32.792340003811695
32.75915075281113
32.732200495521255
32.708787497617685
32.68933866971602
32.67041433199924
32.64808690680388
32.625363064608344
32.604688393367645
32.58283056984944
32.56884009910424
32.56160701353154
32.55182466171146
32.54193863159901
32.52879588336193
32.515561654278635
32.5017053554412
32.49249628359062
32.48132342290833
32.46520449780827
32.45596493234229
32.450768820278256
32.44596302649133
32.44229159519726
32.440766914427286
32.44057175528873
32.437388221841054
32.436833238040784
32.436339241471316
32.433741185439295
32.43219210977702
32.430173432437584
32.427453401943964
32.42632513817419
32.42641052029731
32.424141795311606
32.423531923003615
32.42693501048218
32.428020583190396
32.42504440632743
32.4149998094149
32.40851686678102
32.403869639794166
32.403125595578416
32.39948465789975
32.39772212692968
32.39348961311225
32.38947665332571
32.38735429769392
32.38010901467505
32.375199542595766
32.370296169239566
32.36863121783876
32.36952773013151
32.36935086716219
32.3671675242996
32.36677720602248
32.364240137221266
32.36230074328187
32.358263388603014
32.357214408233276
32.359013531541834
32.359910043834574
32.35612883552507
32.3543602058319
32.35097541452258
32.345889079473984
32.338796264532114
32.33638726891557
32.33657632933104
32.32965427863541
32.31296207356585
32.28842081189251
32.2734667429007
32.26922203163713
32.26442843529636
32.2660506956356
32.262708595387835
32.25326777206023
32.24277186963979
32.23558147512865
32.22118848866018
32.21390661330284
32.20469754145226
32.19640937678674
32.18463884124262
32.1741673337145
32.16433619210977
32.161250238231375
32.15985972936916
32.1605732799695
32.158938822184105
32.162000381170195
32.16464112826377
32.16497655803317
32.15296817228893
32.15785934819897
32.1596645702306
32.16293958452449
32.166153611587575
32.17128873642082
32.17445397369926
32.17702153611587
32.1801928721174
32.179485420240134
32.17643605870021
32.17744844673147
32.179509815132455
32.18225424051839
32.18549876119688
32.1866087287974
32.189243377167905
32.19359786544692
32.19777549075662
32.200391842957885
32.20044063274252
32.196244711263574
32.19134133790737
32.188724985706116
32.19112788259958
32.19396378883171
32.191475509815135
32.18586468458167
32.18788946064418
32.18568172288927
32.18880426910615
32.18927996950639
32.18670630836669
32.186224509243374
32.186730703259
32.187334476843915
32.18524261482752
32.18840175338289
32.18963369544501
32.19415894797027
32.19861101581856
32.19789136649514
32.198324375833806
32.19794015627978
32.19615932914046
32.19209757956928
32.19001181627596
32.18745035258243
32.18543777396608
32.18224204307223
32.17941223556318
32.17632628168477
32.17678368591576
32.172850009529256
32.16508023632552
32.16131732418525
32.16214065180103
32.161957690108636
32.16318963217076
32.16177472841623
32.16071355060034
32.161384410139135
32.15707871164475
32.16265294453974
32.16462283209453
32.167855155326855
32.167641700019054
32.16940423098914
32.167324566418905
32.17017876882028
32.16938593481989
32.168032018296174
32.16432399466361
32.15187650085763
32.15305965313512
32.15222412807318
32.14379569277683
32.13091518963217
32.13450123880312
32.12765847150752
32.131720221078716
32.13973394320564
32.138337335620356
32.13948999428244
32.14222222222222
32.14311263579188
32.14049628359062
32.14071583762149
32.1345988183724
32.13281799123309
32.13333638269487
32.1320861444635
32.12484086144463
32.121632933104635
32.111777396607586
32.110362492853056
32.10138517247951
32.10489803697351
32.10676424623595
32.108087669144275
32.10929521631408
32.10873413379073
32.10906956356013
32.10656908709739
32.104251572327044
32.10426986849628
32.104263769773205
32.10520907185058
32.10512978845054
32.10082408995616
32.09105393558224
32.08811435105775
32.082003430531735
32.07363598246617
32.06512826376977
32.05859653135125
32.05465675624166
32.042373927958835
32.03893424814179
32.01975986277873
31.996334667429004
31.973726700971987
31.954808461978267
31.93942748237088
31.908506956356014
31.90306689536878
31.896016771488465
31.8760251572327
31.863730131503715
31.84959329140461
31.845995044787497
31.844067848294262
31.840012197446153
31.81747131694302
31.811360396416998
31.79558299980941
31.779500667047838
31.75167829235754
31.709999618829805
31.695935963407663
31.66638765008576
31.655495330665147
31.62972822565276
31.61171869639794
31.611212502382312
31.598624737945492
31.596642652944546
31.589019249094726
31.584164665523158
31.577980560320178
31.566057556699068
31.54264455879551
31.52707451877263
31.527446540880504
31.513834190966268
31.495013531541833
31.473027634838953
31.45210291595197
31.429799885648947
31.420767676767674
31.40632590051458
31.395872689155706
31.381772441395086
31.347796455117212
31.352681532304178
31.34093539165237
31.326871736230228
31.300287402325132
31.263865828092243
31.24826529445397
31.220668572517628
31.180014484467318
31.168256146369348
31.16356012959786
31.164145607013534
31.137847913093196
31.127010482180296
31.060723461025347
31.03360853821231
31.03686525633696
31.038951019630268
31.030839717934057
31.027290261101587
31.011604345340192
31.003627215551745
30.993424051839146
30.980549647417575
30.970236706689537
30.97502420430723
30.97064532113589
30.977183152277494
30.980171526586624
30.985904326281684
30.98308671621879
30.981098532494755
30.96644330093387
30.96376596150181
30.960240899561658
30.945689346293122
30.955502191728606
30.9498730703259
30.946567562416615
30.94050543167525
30.9357972174576
30.926618639222415
30.906730703259
30.90002820659425
30.888641890604156
30.87765199161425
30.864551934438733
30.847566990661328
30.813066514198585
30.814578997522396
30.794965504097583
30.777950066704783
30.744870592719646
30.752762340384983
30.757238803125595
30.767856680007622
30.777486563750717
30.7824265294454
30.768448256146375
30.769375262054506
30.77569353916524
30.775559367257483
30.780450543167525
30.782133790737564
30.786451686678102
30.791403849818945
30.784256146369355
30.77943815513627
30.779236897274636
30.77254659805603
30.770241280731845
30.770771869639795
30.75915380217267
30.748041928721175
30.72997751095864
30.73002630074328
30.729282256527533
30.713754907566233
30.703301696207358
30.709632170764245
30.70497884505432
30.70325290642272
30.705875357347058
30.709565084810368
30.692641128263766
30.687152277491904
30.69106765770917
30.684249285305892
30.685225080998663
30.693336382694874
30.692427672955976
30.681645130550788
30.66314770344959
30.66833161806747
30.671685915761387
30.67701619973318
30.674893844101387
30.67433276157805
30.668868305698492
30.67155174385363
30.671966457023064
30.67197865446922
30.673466742900708
30.668081570421197
30.666745950066705
30.668929292929292
30.67323499142367
30.67678444825615
30.671832285115308
30.667709548313322
30.664111301696206
30.65217610062893
30.641789975223936
30.633953116066326
30.63348351438917
30.635246045359253
30.63258090337336
30.625689346293118
30.626287021154948
30.63222717743473
30.63409338669716
30.630562226033923
30.632739470173437
30.631769773203732
30.631666094911374
30.625390508862203
30.621871545645128
30.622548503906994
30.620761578044593
30.626677339432057
30.626348008385744
30.62364627406137
30.62033466742901
30.616199733180867
30.603117972174577
30.594317514770342
30.584254621688583
30.562061368400993
30.560762340384983
30.557542214598815
30.540904898036974
30.540917095483135
30.540429197636744
30.53658700209644
30.5448324757004
30.542765008576332
30.548150181055846
30.546137602439494
30.546540118162763
30.54936992567181
30.543576138745955
30.538709357728226
30.541819706498945
30.53787383266629
30.541807509052788
30.54616199733181
30.54775986277873
30.554407470935768
30.552461978273303
30.556639603582997
30.561451496093007
30.564824089956165
30.56623289498761
30.558139889460644
30.55293157995045
30.547979416809607
30.56089651229274
30.56157956927768
30.56709281494187
30.56515951972556
30.570227558604916
30.57561273108443
30.57924147131694
30.58472422336574
30.58784067085954
30.57613112254622
30.583449590242047
30.58557804459691
30.585023060796644
30.5867916904898
30.567403849818948
30.574057556699064
30.575887173623023
30.582504288164664
30.581010101010104
30.57972936916333
30.585547550981516
30.576198208500095
30.57708252334667
30.575692014484467
30.557456832475697
30.562787116447492
30.561860110539353
30.547430531732417
30.546405946255007
30.554901467505246
30.563140842386126
30.56787345149609
30.55761539927578
30.551272727272732
30.55689574995235
30.565995044787503
30.57093501048218
30.557188488660188
30.558926624737946
30.550516485610824
30.535659996188297
30.534781780064797
30.528554983800266
30.526072803506764
30.52588984181437
30.512216504669333
30.505129788450542
30.517680960548883
30.523987040213456
30.52914046121593
30.53072003049361
30.533879169048983
30.528426910615593
30.53356203544883
30.532305698494376
30.53050047646274
30.52782923575376
30.53338517247951
30.530366304554985
30.526719268153236
30.53812388031256
30.528091480846204
30.53067733943205
30.536489422527165
30.534299980941494
30.538380026681917
30.543795692776825
30.541838002668193
30.539831522774918
30.546954831332187
30.543868877453782
30.539691252144085
30.53492814941871
30.518260339241476
30.518485991995426
30.527133981322656
30.529658852677716
30.542582046883936
30.545564322469982
30.547930627024968
30.555297884505432
30.559140080045736
30.561390508862207
30.566196302649136
30.567690489803695
30.565940156279776
30.569873832666282
30.56551934438727
30.574813798360967
30.570312940728034
30.573691633314276
30.581290642271767
30.58781627596722
30.594695635601294
30.596403278063654
30.603331427482377
30.602001905850962
30.577887554793215
30.571416809605488
30.57882675814751
30.57899752239375
30.589438536306456
30.59093882218411
30.57927806365542
30.56999580712788
30.580546598056035
30.57948542024014
30.583589860872877
30.59137793024585
30.601739660758533
30.600330855727087
30.602270249666475
30.586072041166386
30.590170383076043
30.576887364208115
30.569764055650843
30.579912330855723
30.583620354488282
30.5876699066133
30.598769582618633
30.593530779493044
30.59902572898799
30.60051381741948
30.592585477415668
30.5845534591195
30.5791926815323
30.581205260148653
30.58782847341338
30.588255384028972
30.577167905469793
30.577875357347057
30.584718124642652
30.584376596150182
30.585352391842957
30.582357918810754
30.571227749190015
30.573203735467892
30.577167905469793
30.584651038688776
30.589273870783305
30.59536649514008
30.597915761387462
30.586779493043643
30.597610825233467
30.601928721174005
30.591457213645896
30.59040213455308
30.584748618258057
30.58466323613494
30.587535734705547
30.588883552506196
30.59496397941681
30.598269487326096
30.59114617876882
30.584022870211548
30.580058700209644
30.58096131122546
30.575801791499906
30.573898989898986
30.576619020392602
30.575704211930628
30.572545073375263
30.56638536306461
30.566056032018302
30.571209453020774
30.573148846960162
30.569593291404612
30.57376481799124
30.57881456070135
30.57406975414522
30.575759100438344
30.574521059653133
30.573862397560507
30.576344577854016
30.57513093196112
30.576954450162
30.580570992948353
30.57715570802363
30.571416809605488
30.57223403849819
30.577899752239375
30.581315037164092
30.591012006861067
30.59577510958643
30.602770344959023
30.60337411854393
30.610186392224133
30.61374804650276
30.615510577472843
30.615022679626453
30.620663998475315
30.619712597674862
30.61962721555174
30.621615399275775
30.62348160853821
30.625591766723836
30.625677148846957
30.625591766723836
30.62573203735468
30.61939546407471
30.624737945492665
30.62607356584715
30.62392071659996
30.62945835715647
30.632690680388798
30.628336192109774
30.624780636554217
30.62394511149228
30.633947017343242
30.633337145035256
30.624579378692584
30.623463312368976
30.624518391461784
30.611040213455304
30.610479130931967
30.60566113969888
30.598556127310843
30.57915608919382
30.579967219363454
30.555493043643988
30.557591004383454
30.56065866209262
30.570910615589863
30.577387459500667
30.568208881265484
30.540465789975222
30.50373318086525
30.509862397560504
30.49222489041357
30.507874213836477
30.513521631408423
30.521700019058507
30.53343396226415
30.538904516866783
30.548040404040407
30.545899752239375
30.545527730131504
30.546564513055085
30.531781208309518
30.52238917476653
30.53464760815704
30.538178768820273
30.52942710120069
30.53031141604727
30.521267009719843
30.536410139127117
30.527451114922812
30.529707642462355
30.532683819325328
30.53403773584906
30.53589174766533
30.54378349533067
30.541746521822
30.54753421002478
30.550662854964745
30.549028397179345
30.55575528873642
30.558908328568712
30.556920144844668
30.563872689155712
30.562616352201253
30.562110158185636
30.556840861444634
30.557798360968174
30.556291976367444
30.55390737564323
30.55222412807318
30.54124642652945
30.544192109777015
30.530195540308746
30.516449018486757
30.48926700971984
30.50656908709739
30.487339813226605
30.487821612349915
30.50094606441776
30.504641890604155
30.501964551172094
30.508337716790546
30.503812464265295
30.505215170573656
30.500811892510004
30.500653325709926
30.495627977892127
30.480637316561843
30.473440823327614
30.476124261482752
30.459584524490186
30.447911568515345
30.42383380979607
30.43467733943206
30.438092624356777
30.431341337907376
30.426364779874216
30.399030303030305
30.38566800076234
30.3749037545264
30.36520068610635
30.375830760434532
30.367127882599576
30.368006098723082
30.370195540308753
30.382283209453025
30.388314846579
30.388705164856113
30.390510386887748
30.397340956737185
30.38428968934629
30.382960167714884
30.371592147894038
30.352893462931196
30.3638223746903
30.35630874785592
30.35411930627025
30.348850009529254
30.360114351057742
30.363980941490375
30.35489994282447
30.355101200686104
30.35494873260911
30.352076234038496
30.34474556889651
30.330267200304935
30.33213950829045
30.327681341719074
30.33001105393558
30.320387268915567
30.327809414903754
30.323119496855345
30.318203926052984
30.318716218791693
30.32471126357919
30.326711644749377
30.326351820087673
30.326906803887937
30.316301124452067
30.324912521440822
30.313782351820084
30.303371831522774
30.315093577282255
30.318313703068416
30.314898418143706
30.315605870020963
30.311147703449592
30.305079473985135
30.288417762530965
30.284831713360017
30.274817610062893
30.258454736039642
30.247409948542025
30.220099866590434
30.217465218219935
30.22566800076234
30.236950638460076
30.237651991614257
30.23548084619783
30.231236134934242
30.240280541261672
30.246550028587766
30.250093386697163
30.246153611587573
30.23690794739851
30.226912140270635
30.23338288545836
30.242726129216695
30.242683438155133
30.23939012769202
30.24215284924719
30.24118315227749
30.23860339241471
30.242896893462934
30.244897274633125
30.249446922050694
30.243226224509247
30.253069563560132
30.24666590432628
30.23241928721174
30.236987230798558
30.230059081379835
30.22284429197637
30.23241928721174
30.23649323422908
30.234236706689533
30.23515761387459
30.241921097770152
30.25225233466743
30.23373661139698
30.237212883552505
30.239249857061175
30.2315532685344
30.226680388793596
30.21492205069564
30.213976748618254
30.216629693157998
30.216330855727087
30.202828282828282
30.205566609491136
30.198620163903183
30.20543853630646
30.198205450733756
30.191356584715074
30.18064112826377
30.18612997903564
30.170694110920532
30.16944387268916
30.16066171145416
30.160978845054316
30.159502954068994
30.135388603011243
30.14565885267772
30.16280846197827
30.165650466933485
30.166870211549462
30.147549456832472
30.13093653516295
30.083488469601672
30.040638841242618
29.996136458928905
29.997337907375645
30.0167867352773
29.999319992376595
29.964130360205832
29.94710882408996
29.939802553840295
29.95620202020202
29.943193443872683
29.94347398513436
29.90650352582428
29.904173813607777
29.859360396416996
29.832684581665713
29.786431865828096
29.751388603011243
29.720553459119497
29.706898418143705
29.66681151133981
29.633170954831336
29.616375071469413
29.607714884696012
29.60943472460454
29.560901086335043
29.52923651610444
29.559327615780447
29.561547550981516
29.583417571945876
29.592132647226986
29.587796455117203
29.555509815132456
29.53877491900133
29.494242043072227
29.49047303220888
29.508433771679055
29.511550219172854
29.494437202210783
29.499547932151703
29.528407089765587
29.53378616352201
29.515526586620926
29.476921669525442
29.479897846388408
29.471298646845817
29.45103868877454
29.43717629121403
29.412238612540502
29.38810596531351
29.39462550028588
29.388051076805787
29.33998704021345
29.31398208500095
29.25196417000191
29.238675052410905
29.2353756432247
29.20156432246998
29.20457709167143
29.184182961692397
29.199124833238038
29.21748198970841
29.254672003049365
29.285684009910423
29.28386049170955
29.278944920907186
29.26647913093196
29.231862778730704
29.195855917667235
29.191062321326473
29.164166952544306
29.19252601486564
29.17641928721174
29.153860110539355
29.154457785401178
29.151993901276917
29.13873527730132
29.167618829807513
29.170875547932155
29.19871621879169
29.208992567181248
29.239248332380406
29.254184105202974
29.28340918620164
29.297143510577474
29.299082904516872
29.31735467886411
29.316110539355826
29.302034686487517
29.28443377167906
29.28649514008005
29.234973127501434
29.242523346674293
29.248170764246233
29.275779683628745
29.29597255574614
29.280847722508103
29.30858471507528
29.331089003239953
29.35122698684963
29.320391842957882
29.28077453783114
29.296332380407854
29.256123499142365
29.251134743663044
29.27785934819897
29.265588717362302
29.298277873070326
29.325496474175715
29.32071507528111
29.2834823708786
29.188824089956167
29.164349914236702
29.151719458738327
29.172070897655804
29.16594777968363
29.170290070516486
29.155805603201827
29.135978654469223
29.14689536878216
29.165142748237088
29.169045931008192
29.19950295406899
29.188787497617685
29.199960358299982
29.221409567371833
29.22151934438727
29.213261673337144
29.211907756813417
29.20976100628931
29.0687463312369
29.01521174004193
29.064190585096245
28.97985134362493
28.983266628549647
29.02294492090719
29.029873070325902
29.04114351057747
29.020724985706114
28.99364055650848
28.945137411854393
28.90705698494378
28.86170688012197
28.798426529445397
28.798109395845245
28.827322279397748
28.856449780827138
28.86408538212312
28.875990089574994
28.848539736992567
28.831152277491896
28.826236706689535
28.8403552506194
28.85904173813608
28.80200038117019
28.805964551172103
28.79796302649133
28.781898989898984
28.827493043643987
28.823894797026874
28.81421002477606
28.823248332380413
28.82737106918239
28.842172670097195
28.846649132837815
28.847801791499904
28.837775490756623
28.764548122736805
28.795621116828666
28.794974652182198
28.802963979416813
28.799255955784254
28.78115494568325
28.763499142367067
28.788717362302275
28.782679626453213
28.77418410520297
28.744080808080806
28.749563560129594
28.68220926243568
28.683502191728603
28.706762721555172
28.740793596340765
28.7688172288927
28.715679054697922
28.709702306079667
28.718691823899373
28.727986277873068
28.703127882599578
28.6208683056985
28.57434114732228
28.517244901848677
28.529094720792834
28.575676767676768
28.586776443682098
28.545841814370114
28.533339432056408
28.52925328759291
28.532918620163905
28.537937869258624
28.523910806174957
28.537303602058323
28.535693539165237
28.543079092814942
28.575396226415094
28.59599771297885
28.59616847722508
28.596863731656182
28.536468076996375
28.52082485229655
28.496442157423292
28.482842004955216
28.494783304745567
28.436333142748243
28.418665141985894
28.44650581284543
28.44399313893653
28.423617305126736
28.440724223365738
28.461136649514007
28.478536306460832
28.49028244711264
28.49542976939204
28.51062778730703
28.538157423289494
28.55143434343434
28.556380407852107
28.569821993520105
28.58514808461979
28.581458357156475
28.576859919954263
28.58706308366686
28.572066323613488
28.564760053363823
28.558112445206785
28.546598056032018
28.558539355822376
28.560844673146562
28.55722203163712
28.531894034686484
28.52563064608347
28.49515532685344
28.475157613874597
28.480554983800268
28.490392224128076
28.501406518010292
28.510621688583953
28.518348770726128
28.496966647608158
28.409535353535347
28.322567562416623
28.252785972936916
28.25965313512483
28.248748618258055
28.2398932723461
28.245040594625497
28.26434915189632
28.23242843529636
28.255621879169045
28.26134858014103
28.225805222031635
28.22147512864494
28.22038345721365
28.225902801600917
28.22221917286068
28.22141414141414
28.1895788069373
28.19353077949304
28.216675433581095
28.23820392605298
28.240125023823136
28.272179912330852
28.238283209453023
28.222011816275966
28.222085000952923
28.225975986277874
28.219242995997718
28.219865065751854
28.169306651419863
28.14086220697541
28.10892929292929
28.143130931961117
28.178936535162947
28.20772250809987
28.210229083285686
28.193225843339047
28.150412807318464
28.13960587002097
28.146680388793598
28.14133790737564
28.150077377549078
28.155877263198015
28.14341757194588
28.148851534210024
28.14875395464075
28.159865828092244
28.181821231179722
28.119821612349917
28.01557004002287
27.960736420811894
27.971366495140078
27.96239527348961
27.962303792643418
27.96270630836669
27.99611511339813
27.998243567753008
27.972781398894607
27.996426148275198
28.021327234610254
28.032939203354296
28.048033542976942
28.066762721555172
28.089120640365923
28.06927539546407
28.02075395464075
27.926528683056983
27.95117362302268
27.93648789784639
27.85541757194587
27.82749761768629
27.815605107680575
27.80744501619974
27.827217076424628
27.813025347817806
27.778939584524487
27.805237278444828
27.824155517438538
27.86165046693349
27.888631217838768
27.9021825805222
27.8316447493806
27.82232590051458
27.771218601105392
27.715586049170955
27.744689155708024
27.740743281875357
27.742847341337907
27.73108900323995
27.74476234038498
27.755679054697925
27.6868122736802
27.637699256718122
27.598453973699254
27.52453135124833
27.511595959595965
27.45051114922813
27.465782351820085
27.475168286639985
27.47160053363827
27.491092052601484
27.47158833619211
27.48695711835335
27.479431294072803
27.471746902992187
27.487981703830762
27.507363445778537
27.50103297122165
27.50158185629884
27.50197217457595
27.519170573661146
27.530142176481803
27.53274023251382
27.414906803887938
27.45536573279969
27.455396226415097
27.473942443300935
27.49137259386316
27.47718696397942
27.481870783304746
27.476918620163904
27.489689346293115
27.49127501429388
27.483066133028395
27.4668374309129
27.419816275967218
27.422530207737754
27.41577282256527
27.395854392986475
27.375618829807514
27.317546788641128
27.2673908900324
27.24752734896131
27.24008080808081
27.225425576519914
27.207196493234225
27.21190470745188
27.251217076424624
27.180935391652376
27.20350066704784
27.198890032399465
27.163578425767103
27.155095101963028
27.18888812654851
27.235750714694106
27.241776253097004
27.268549647417572
27.287162950257294
27.26208500095293
27.237970649895182
27.182197827329908
27.18987611968744
27.216649514008
27.222437202210788
27.231304745568895
27.18224661711454
27.182704021345533
27.175562416619016
27.178410520297312
27.174897655803314
27.162023251381743
27.145013912712024
27.148465789975223
27.146075090527923
27.14012273680198
27.16860377358491
27.16337106918239
27.190931198780255
27.216125023823135
27.243618067467125
27.25996264532114
27.254607966457023
27.226913664951404
27.19957308938441
27.228102915951975
27.23750714694111
27.25505317324185
27.232189060415475
27.243130169620738
27.186033924147136
27.211130169620734
27.243837621497995
27.248838574423477
27.269068038879357
27.284223365732803
27.271641700019057
27.30048256146369
27.31145416428435
27.323718696397943
27.311313893653516
27.325700781398897
27.35634686487517
27.36817838765009
27.386578235182007
27.39752544311035
27.423573089384412
27.439923765961506
27.461183914617877
27.475296359824657
27.484273680198214
27.46570306842005
27.479699637888324
27.46445283018868
27.462110920526015
27.451108824089953
27.479955784257665
27.49127501429388
27.514328187535742
27.529202973127504
27.540052601486565
27.56028206594244
27.57581551362684
27.560666285496477
27.53728378120831
27.513486563750718
27.514596531351245
27.51925595578426
27.538412044978084
27.487981703830762
27.480602248904134
27.47168591576139
27.503429769392028
27.500703640175338
27.52131732418525
27.487323041738133
27.466995997712978
27.450645321135887
27.44844978082714
27.42445740423099
27.423865828092246
27.408564131884884
27.432995616542783
27.389170192490948
27.414431103487708
27.392036592338474
27.387932151705733
27.349101581856306
27.28264989517819
27.29344463502954
27.304763865065755
27.30511759100438
27.32490184867543
27.347894034686487
27.379643987040215
27.398220697541454
27.41883438155136
27.445424814179525
27.401129788450547
27.41235753764056
27.398800076234043
27.406319801791497
27.354639222412807
27.34711949685535
27.35688355250619
27.38370573661139
27.40006251191157
27.404477987421384
27.384071659996184
27.385620735658474
27.377985134362493
27.378277873070328
27.39493958452449
27.38899942824471
27.330073565847147
27.303885648942256
27.25777930245855
27.214618639222415
27.23231103487707
27.236635029540697
27.267988564894225
27.292676195921477
27.23242081189251
27.245472079283406
27.247069944730324
27.12093005526968
27.030187154564516
27.078720792833998
27.104067085953883
27.128114351057754
27.096199733180864
27.107811701924906
27.089588717362307
27.083166761959216
27.084831713360018
27.111422145988186
27.09105241090147
27.09518734514961
27.098688012197446
27.071042500476466
27.033889079473987
27.001773203735468
27.010774919001335
26.993497236516106
26.97700628930817
26.97089536878216
26.97862854964742
26.9610764246236
26.878761959214792
26.849786925862396
26.81679283400038
26.775846007242233
26.764264532113586
26.746645321135887
26.682236706689537
26.629866971602816
26.57638117019249
26.589749571183535
26.632696779111875
26.665940918620162
26.626311416047265
26.59615323041738
26.587090527920722
26.584126548503907
26.58991423670669
26.565147322279405
26.52185248713551
26.462115494568323
26.41488698303792
26.41970497427102
26.411990089574992
26.324869830379267
26.305341719077568
26.342861063464838
26.33456680007623
26.254356394129985
26.28525862397561
26.308769201448452
26.31602058319039
26.31158681151134
26.33875052410901
26.354399847531923
26.378922813036027
26.331468648751667
26.3056954450162
26.301225080998663
26.31710005717553
26.26171145416429
26.231376405565086
26.23557842576711
26.260259958071273
26.26611473222794
26.279940537449974
26.311635601295976
26.29376024394892
26.26018067467124
26.272786735277297
26.288704402515727
26.30850085763294
26.250312940728037
26.224704402515727
26.232535162950256
26.198235944349147
26.18763026491328
26.21440365923385
26.200504669334855
26.216093005526968
26.188362111682867
26.183794168096053
26.173023823137033
26.149659615018113
26.15269677911187
26.11241471316943
26.099991614255767
26.090965504097575
26.007077568134175
25.980956737183153
25.96940575566991
25.971564703640176
25.987708023632557
26.02313550600343
26.027252144082336
26.02420888126548
26.021629121402707
26.021720602248898
25.999039451114918
25.970887745378313
25.95750714694111
25.894751286449395
25.87718086525634
25.824725748046507
25.782876310272542
25.7330863350486
25.677478178006485
25.637726700971985
25.651558604917096
25.604641128263772
25.591394701734327
25.55881532304174
25.570872498570612
25.569762530970074
25.54857556699066
25.525363826948734
25.51311759100438
25.54000076234038
25.56476767676768
25.56540804269106
25.593267009719845
25.613679435868114
25.620808843148467
25.604012959786544
25.570226033924147
25.575751477034498
25.554582809224318
25.50156660949114
25.467511339813232
25.45057518582047
25.435840670859537
25.3331320754717
25.2984669334858
25.2497869258624
25.2622283209453
25.263472460453595
25.282439489231944
25.233478940346863
25.14654774156661
25.047846007242235
24.989249475890986
24.949705355441207
24.92765237278445
24.9044162378502
24.883302458547742
24.908374309129027
24.902287783495336
24.89429845626072
24.89016962073566
24.895414522584336
24.823162950257295
24.71412997903564
24.606066704783686
24.54587230798552
24.550787878787883
24.572072422336575
24.556026681913476
24.57224318658281
24.493514770344955
24.398344196683816
24.377340194396798
24.390196302649137
24.407980179149995
24.390940346864873
24.361727463312366
24.39352620545073
24.410706308366688
24.392105202973124
24.34232132647227
24.29445854774157
24.232349151896322
24.139807127882598
24.154151324566413
24.111899371069185
24.14475929102344
24.164360587002093
24.15949380598437
24.0936702877835
24.01432590051458
24.013234229083288
24.013130550790926
24.015277301315034
23.97913016962073
23.975434343434344
23.956101391271204
23.932718886983036
23.936451305507912
23.964584715075283
23.92155212502382
23.91085496474176
23.894784829426342
23.864730322088814
23.91415437392796
23.897212121212124
23.890698684962832
23.878202401372214
23.911891747665333
23.856521440823325
23.847361158757387
23.834913664951397
23.831400800457406
23.76569315799505
23.729997331808654
23.682463884124264
23.612316371259766
23.587421383647797
23.53385020011435
23.478022489041358
23.457323422908328
23.44021650466934
23.42119458738327
23.40837507146941
23.396055650848105
23.411546407470937
23.34902229845626
23.302324375833805
23.30391614255765
23.199158376214974
23.205482752048788
23.173537640556507
23.131810177244137
23.127626453211363
23.118173432437587
23.10307909281494
23.06768820278254
22.997955403087474
22.95029388221841
22.89305736611397
22.84746331236897
22.839547169811322
22.83755898608729
22.784786735277297
22.73358795502192
22.723043262816844
22.684121212121212
22.655036401753385
22.658866399847533
22.665166380789024
22.632324757004003
22.648827901658088
22.653810558414335
22.63489231942062
22.655707261292164
22.671954259576903
22.65523765961502
22.645461406518006
22.65947627215552
22.683529635982467
22.676625881456072
22.679809414903758
22.673753382885454
22.676217267009715
22.606161234991422
22.525218982275586
22.506922813036024
22.47062321326472
22.328553459119494
22.177335620354484
22.09409414903755
22.066393748808842
22.06800381170192
22.08008538212312
22.04867695826187
22.06324070897656
22.072242424242425
22.039047074518773
22.041681722889273
22.0402790165809
22.068363636363642
22.05756279778921
22.067241471316944
22.085830379264337
22.070156660949117
22.011566228320945
21.981017724413952
21.967435868115114
21.93987573851725
21.901655040975797
21.867429007051655
21.831922241280733
21.83099523537259
21.811643987040217
21.838112445206786
21.843875738517244
21.892793596340766
21.904625119115686
21.885834953306652
21.859756813417196
21.81601067276539
21.776832475700402
21.697896702877834
21.63942214598818
21.606580522203163
21.571464074709358
21.462296931579946
21.396113588717363
21.39005145797599
21.321770154373926
21.21384715075281
21.176821802935013
21.111406899180484
21.009454545454545
20.972032780636553
20.916686868686867
20.857267009719845
20.77337907375643
20.69353459119497
20.643744615971034
20.545183152277488
20.427227749190017
20.342217648179915
20.174612540499336
20.03948923194206
19.916038879359636
19.83999390127692
19.777366113969887
19.715543358109393
19.59527653897465
19.498684962835902
19.43957613874595
19.388212692967407
19.316259958071278
19.24000762340385
19.24162988374309
19.117533066514195
19.094412807318463
19.06529140461216
19.01168362874023
19.003633314274825
18.9255025728988
18.829655040975798
18.865417953116065
18.816567181246427
18.788195921478945
18.721793024585473
18.636660949113786
18.539654659805606
18.465421002477605
18.327693539165235
18.223893272346096
18.218666666666667
18.062679626453214
17.924342290832854
17.84347932151706
17.754389174766537
17.716174575948155
17.628816466552315
17.585899752239378
17.50514046121593
17.451447303220885
17.382708595387843
17.29990623213265
17.18653097007814
17.128269868496286
17.002642271774345
17.038063655422146
16.981894415856683
16.906422717743474
16.82409605488851
16.84142862588146
16.822004192872118
16.75790661330284
16.686838193253283
16.57750638460072
16.473943967981704
16.395648561082517
16.334807699637896
16.28115723270441
16.225750333523912
16.144643415284918
16.129994282447115
16.096426910615595
16.11676615208691
16.10597141223557
16.0775635601296
16.00293958452449
15.94892319420621
15.920387268915576
15.878513436249293
15.834151324566417
15.813775490756631
15.778848103678285
15.79133828854584
15.714927387078337
15.640199733180864
15.620043453401939
15.541528492471892
15.593453020773781
15.593459119496847
15.535252906422715
15.531502191728611
15.551609681722883
15.538948732609109
15.550335048599202
15.566679626453217
15.518865637507142
15.494690299218597
15.436441395082909
15.398068229464462
15.33488545835715
15.300494758909853
15.29600609872308
15.380046502763484
15.343441966838196
15.352541261673336
15.322352582428058
15.287614255765202
15.263487707261298
15.231164474938058
15.185661902039266
15.117996569468264
15.093577282256526
15.04182961692396
14.967785020011434
14.956264532113595
14.92918620163903
14.916872879740797
14.87899980941491
14.829179340575568
14.77920640365924
14.716901848675429
14.637093958452452
14.5572433771679
14.464445206784827
14.50254392986469
14.461499523537267
14.44477682485229
14.410904516866784
14.324522203163708
14.291210977701551
14.226131503716418
14.166626262626266
14.119507528111303
14.054056032018295
13.994233657328003
13.960099104250052
13.897617686296936
13.832965122927387
13.784443682104062
13.773026872498567
13.709392795883367
13.648875166761968
13.609934819897088
13.596914046121592
13.59172403278064
13.584722698684956
13.530297693920328
13.529535353535357
13.512208881265492
13.489539927577656
13.448721174004193
13.373908137983612
13.313262435677528
13.298784067085961
13.277914236706684
13.218238231370313
13.200783685915765
13.209388984181434
13.189982847341344
13.158397560510771
13.129446922050688
13.093848675433584
13.06600190585096
13.021444635029548
12.992823327615785
12.998336573279978
13.01994434915189
12.991621879169045
12.952791309319615
12.910136840099106
12.862822946445588
12.828115113398136
12.829267772060222
12.803396988755477
12.8078734514961
12.798633886030109
12.774476843910797
12.783582237469023
12.801329521631406
12.830676577091667
12.82493157995045
12.818466933485798
12.794126929674102
12.788644177625313
12.791260529826568
12.795541833428631
12.774470745187733
12.776904135696581
12.754412044978084
12.741318086525627
12.72985248713551
12.70662854964741
12.672719649323419
12.626143701162567
12.59736382694874
12.599236134934241
12.598217648179904
12.593466742900702
12.60309662664379
12.636901848675436
12.623051648561075
12.601791499904705
12.587794930436443
12.554752048789785
12.519873451496096
12.509005526967798
12.512975795692777
12.527448065561279
12.515299409186198
12.588703640175334
12.632492471888689
12.625509433962263
12.66623670668953
12.557173241852482
12.562552315608924
12.592801982085009
12.594479130931955
12.599565465980561
12.618526396035834
12.65069106155899
12.675464074709353
12.674439489231935
12.634797789212893
12.625363064608344
12.65808881265485
12.628735658471504
12.601821993520106
12.591771297884504
12.548299599771301
12.52238002668192
12.530107108824087
12.506389174766527
12.492996378883172
12.492252334667436
12.495734705546022
12.491526586620934
12.507797979797974
12.499253668763098
12.524971983990858
12.53324795121022
12.54561006289309
12.550830569849444
12.586745950066705
12.604255384028972
12.587520487897844
12.608762340384983
12.664388793596348
12.655807890222984
12.636840861444629
12.669103106537063
12.67152429959978
12.690613302839715
12.70280465027635
12.731182008766915
12.725760243948919
12.718039260529821
12.717831903945113
12.696199733180865
12.711611206403656
12.721771679054704
12.730627024966651
12.721759481608535
12.707512864493998
12.69680350676577
12.652148656375076
12.659284162378507
12.644165427863546
12.666572136458937
12.688362874023253
12.688326281684766
12.693821231179722
12.711281875357352
12.71826491328378
12.734700971983992
12.730755098151333
12.72515037164093
12.722229083285692
12.727449590242049
12.72699218601106
12.708153230417388
12.707775109586429
12.677507146941108
12.64816619020393
12.634328187535736
12.618117781589486
12.627637888317125
12.637438536306467
12.679977129788444
12.677629121402706
12.700273680198205
12.74742290832857
12.690851153039825
12.700200495521246
12.673945492662478
12.686429578806946
12.69770611778159
12.676714312940732
12.686673527730125
12.721899752239368
12.74339775109587
12.798999809414902
12.853967600533641
12.882393748808846
12.848307985515534
12.83659233847914
12.840147894034684
12.821967600533638
12.788863731656189
12.777709167143126
12.753521631408429
12.756778349533073
12.779514389174768
12.757619973318088
12.748081570421196
12.748789022298462
12.746331236897277
12.737725938631591
12.725687059271959
12.730566037735844
12.716996378883167
12.6950714694111
12.702536306460836
12.704182961692393
12.688789784638837
12.696626643796446
12.69528492471889
12.701792262245098
12.719685915761394
12.707311606632357
12.70284124261482
12.692875929102346
12.690247379454922
12.684953687821606
12.684612159329134
12.654124642652938
12.643811701924907
12.638524109014677
12.648391842957874
12.636999428244714
12.626186392224122
12.601992757766345
12.547927577663426
12.497247188869833
12.499918429578809
12.570547741566603
12.596101391271208
12.576683056984953
12.589081761006293
12.583367257480463
12.619892510005727
12.641390508862207
12.668426148275202
12.713148084619785
12.652752429959978
12.66385210596532
12.657472841623779
12.653880693729743
12.63125443110348
12.678739089003235
12.67132304173814
12.673073375262058
12.647983228511524
12.661321135887176
12.618447112635792
12.606725366876312
12.600541261673342
12.568425385934825
12.54123727844483
12.564510005717553
12.549818181818178
12.583952734896132
12.614354869449215
12.595436630455497
12.585196874404424
12.571846769582622
12.577793024585478
12.58321478940346
12.59525366876311
12.6132388031256
12.645293691633311
12.655612731084428
12.607591385553645
12.570895368782162
12.603029540689914
12.620898799313892
12.621606251191158
12.572883552506193
12.556935391652372
12.552776062511906
12.483287211740041
12.462807699637894
12.45881303602058
12.46380179149991
12.455416047265102
12.46738784067086
12.42250733752621
12.388086144463506
12.363971793405753
12.343724032780631
12.350347246045352
12.367216314084246
12.388092243186591
12.396569468267577
12.382493615399273
12.409529254812266
12.420939965694675
12.4341924909472
12.448798932723465
12.453513245664197
12.474639222412803
12.432801982085005
12.419116447493797
12.413298265675621
12.435412235563176
12.455983228511535
12.451671431294066
12.429563560129596
12.451329902801593
12.461886792452837
12.486525633695452
12.48269563560129
12.462368591576144
12.421665713741177
12.402229083285684
12.401155708023627
12.344016771488466
12.290049170954823
12.273021536115877
12.263233085572708
12.252932342290826
12.206667429007046
12.205075662283212
12.169757956927771
12.155328378120826
12.164086144463496
12.178149799885647
12.14827215551744
12.21208309510196
12.201568896512287
12.172752429959969
12.147192681532298
12.124706689536884
12.15990851915381
12.144667810177237
12.146503525824285
12.15085801410329
12.160823327615782
12.150217648179916
12.130244330093394
12.121742710120072
12.105599390127693
12.113820468839334
12.116107489994283
12.131037164093769
12.203489994282442
12.189273870783307
12.21166228320946
12.115162187916907
12.122218410520293
12.10536763865065
12.085485801410323
12.08627253668763
12.0848576329331
12.079515151515146
12.09183457213646
12.10836821040595
12.167361158757393
12.159701162569085
12.157304364398707
12.177710691823895
12.195634838955597
12.196854583571572
12.169507909281492
12.139862016390312
12.136477225081002
12.183492281303602
12.163531160663231
12.154078139889466
12.173404993329529
12.246248141795315
12.26970992948351
12.271423670668959
12.245558986087286
12.180796645702305
12.160359824661713
12.149827329902804
12.14517400419288
12.152852296550405
12.174472269868502
12.18310196302649
12.209515532685344
12.215815513626826
12.220316371259766
12.216077758719274
12.251242995997712
12.267246045359256
12.28327348961312
12.27388755479321
12.298953306651427
12.266837430912908
12.201343243758343
12.151388603011252
12.11349113779303
12.112905660377361
12.125981322660564
12.126420430722314
12.155450352582424
12.100836287402323
12.11399123308557
12.119187345149609
12.105934819897083
12.132952163140843
12.112936153992765
12.10664227177435
12.090992948351447
12.08940728035068
12.07227596721937
12.06620163903183
12.056059462550035
12.018485229655049
12.042087287974077
12.007477034495903
12.018930436439867
12.042111682866397
11.99678597293691
12.052924718886986
12.047539546407478
12.03212807318467
12.010514198589672
12.059919954259584
12.04776519916142
12.024712025919573
12.001927196493241
12.013661139698872
12.017411854392991
12.003750714694103
12.0285176291214
11.984862969315808
11.962139127120265
11.978032399466363
12.039409948542032
12.056102153611588
12.070470745187727
12.119187345149609
12.110710120068607
12.143277301315042
12.125993520106732
12.112210405946247
12.137398132266059
12.132153230417382
12.120736420811888
12.154059843720228
12.132933866971607
12.188365161044402
12.173740423098918
12.194811511339818
12.186523346674287
12.180827139317708
12.224676958261856
12.202922813036027
12.187053935582231
12.151998475319223
12.153474366304561
12.162469982847341
11.982886983037927
11.942507337526198
11.863303220888124
11.85671659996189
11.939238421955402
11.99848751667619
11.931273489613108
11.945166380789024
11.953674099485413
11.991199542595776
12.019192681532298
12.023095864303418
11.928425385934828
11.956753954640755
11.95192376596151
11.946837430912902
11.950039260529824
11.969664951400807
11.94647150752811
11.964474938059837
11.926717743472464
11.856637316561848
11.796674671240709
11.780677720602249
11.80243796455118
11.774078902229848
11.759411473222793
11.776457404230992
11.753879931389367
11.748781398894607
11.7512940728035
11.745213645892893
11.7290764246236
11.730570611778157
11.75628282828283
11.808908709738898
11.779805603201831
11.752288164665515
11.762771869639801
11.72905202973128
11.740163903182772
11.772505431675249
11.789533066514196
11.889363064608354
11.850819134743672
11.85577739660758
11.910909853249475
11.872853821231184
11.864474175719458
11.844549647417574
11.822728416237856
11.801565847150744
11.716476462740617
11.683976367448071
11.61537183152278
11.62638002668191
11.585671050123876
11.53897312750143
11.510485991995434
11.487896321707641
11.407301696207353
11.38892624356775
11.41983457213646
11.451907756813423
11.446620163903175
11.403581475128638
11.318522584333897
11.295201067276537
11.239190394511155
11.234372403278064
11.18956508481037
11.104737945492657
11.069780064798925
11.046171907756815
10.9917103106537
11.034200114351055
11.085429388221845
11.026040022870207
10.937559748427669
10.927594434915195
10.908724985706117
10.86921135887174
10.854153611587572
10.846097198399086
10.909347055460255
10.886098723079852
10.853385172479516
10.737015437392802
10.724421574232887
10.736777587192673
10.783957308938442
10.674344959024198
10.593469792262244
10.560805031446547
10.533348580141038
10.61832208881265
10.590890032399463
10.57020316371259
10.485125976748614
10.473306651419858
10.517241852487132
10.477331808652558
10.49704288164665
10.471464837049743
10.458120830951025
10.471330665141993
10.559298646845821
10.520321707642456
10.504257671050123
10.469366876310266
10.456327806365548
10.43637888317133
10.397322660567939
10.34358681151134
10.313074899942826
10.301304364398709
10.28684429197636
10.281282256527547
10.203297884505428
10.153892128835517
10.126807699637885
10.096539736992566
10.068192872117404
10.097143510577471
10.138267200304934
10.173060415475515
10.161838765008575
10.151074518772624
10.131369544501617
10.118348770726135
10.104010672765384
10.069052792071654
10.040333905088614
10.048134171907755
10.056190585096243
10.05070173432437
10.039681341719072
10.025087097388992
9.956750905279213
9.927611206403657
9.93972327044025
9.911925290642268
9.873857061177809
9.873607013531545
9.787560129597859
9.742917476653334
9.713076424623598
9.690187916904904
9.666317514770343
9.65782809224319
9.651265866209261
9.673843339050887
9.662505812845435
9.661060415475516
9.568945302077372
9.51861863922242
9.478385363064609
9.395332952163136
9.347512864493993
9.295313893653525
9.275352773013152
9.298710882409003
9.250970078139884
9.200350676577099
9.180084619782725
9.128837049742717
9.11280350676577
9.061726700971981
9.017480465027637
8.991371831522768
8.997598627787308
9.02576862969315
8.996183724032777
8.971733943205635
8.93325100057176
8.870769582618646
8.86398780255384
8.833823518200882
8.803756813417186
8.767329140461218
8.745166380789025
8.714660567943595
8.691576901086327
8.661522393748816
8.63754221459881
8.592960548885078
8.556295025728982
8.505395082904514
8.501211358871743
8.470797026872507
8.42598360968173
8.381469029921854
8.350054507337534
8.340943015056226
8.345267009719844
8.32634877072613
8.291146941109202
8.264629693158001
8.341064989517823
8.277162569087093
8.215419096626647
8.185443872689161
8.173972174575944
8.070342672003045
8.030877834953307
8.020723461025343
8.028926243567746
8.106447112635793
8.055297122165046
8.036177625309707
8.015850581284543
7.9995547932151645
8.035464074709358
8.1109540689918
8.217327996950635
8.166537831141598
8.10659348198971
8.111435868115107
8.107898608728796
8.104696779111874
8.110777206022497
8.130219935201074
8.122883171336003
8.113875357347057
8.07952125023823
8.103111111111104
8.117558986087285
8.07632551934439
8.05870020964361
8.021790737564318
7.9840457404230945
7.9577053554412
7.920710501238798
7.889808271393171
7.855984753192305
7.839005908137982
7.7979005145797515
7.760722698684962
7.701400419287214
7.654159710310656
7.603528111301702
7.575541071088248
7.541077186963974
7.504173813607783
7.470295406899178
7.445278444825619
7.417071850581289
7.390145988183725
7.369995807127882
7.337385934819891
7.31900438345722
7.300653325709937
7.292444444444449
7.261566609491142
7.275770535544127
7.275788831713362
7.27548389555936
7.23549456832476
7.206739089003234
7.234183342862591
7.299049361539933
7.303836859157607
7.282698684962832
7.286565275395465
7.2740506956355935
7.2516561844863725
7.232390318277115
7.214716218791695
7.200274442538598
7.1619805603201785
7.155479321517057
7.150155136268338
7.140494758909847
7.1458311416047176
7.1330665141985845
7.141226605679433
7.115471698113206
7.127589860872881
7.1220034305317315
7.074183342862588
7.009823518200871
6.982434152849254
6.989496474175724
7.001858585858578
6.984684581665715
6.9831355060034355
6.929088622069751
6.936468076996376
6.910024013722134
6.8936733371450325
6.857117591004383
6.823989327234614
6.872400991042493
6.873321898227566
6.9182328949876055
6.899528111301698
6.9308816466552265
6.883988564894223
6.873968362874025
6.851409186201636
6.850171145416425
6.879365732799703
6.860392605298264
6.8362843529635935
6.822049933295222
6.853854774156654
6.84986620926244
6.812895749952358
6.805558986087289
6.791001334095678
6.799448065561277
6.809004764627405
6.776382694873262
6.732904898036973
6.728111301696201
6.742120068610628
6.697184676958254
6.650797789212877
6.630922050695633
6.636782923575381
6.650279397751101
6.63689270059081
6.624780636554219
6.652212692967409
6.670234419668388
6.631605107680579
6.6102229845626095
6.577942443300939
6.559316943015057
6.559274251953502
6.563543358109398
6.574069754145223
6.591377930245852
6.576954450161991
6.568556508481032
6.549937106918232
6.550357918810749
6.551187345149612
6.546436439870409
6.515497617686296
6.487961882980745
6.543466361730514
6.593616161616161
6.663763674480651
6.770704783685918
6.777084048027445
6.769509433962264
6.751975605107674
6.764959786544685
6.759318467695828
6.736259195730897
6.678278635410706
6.734728416237852
6.719048599199547
6.745041356965885
6.786591957308932
6.80271088240899
6.8201837240327885
6.86869906613303
6.836510005717554
6.808535162950251
6.805052792071662
6.830844291976361
6.8115601295978685
6.782200876691438
6.756086144463502
6.765136649514004
6.741504097579573
6.716322469982845
6.698075090527925
6.6878902229845565
6.6578174194777935
6.652981132075464
6.667660758528688
6.661555936725745
6.6577076424623645
6.666739851343631
6.7108153230417384
6.750396035829991
6.747828473413375
6.685517819706497
6.6654408233276135
6.65918963217077
6.694153611587568
6.683901658090343
6.656164665523151
6.640655612731081
6.668295025728995
6.661061940156287
6.65317629121402
6.6562256527539585
6.666136077758727
6.670222222222219
6.693000952925485
6.67312521440824
6.6433146559939065
6.627598246617112
6.616114351057744
6.598995235372588
6.580430722317512
6.5790341147322335
6.603465599390123
6.669606251191164
6.6821147322279355
6.649224318658277
6.683810177244132
6.6685694682675765
6.630983037926439
6.6065149609300615
6.581010101010095
6.5662267962645275
6.548058700209649
6.550004192872125
6.492981132075477
6.462829045168672
6.415521250238237
6.386534019439684
6.3623525824280565
6.3320175338288625
6.314032399466354
6.276757004002286
6.251136268343808
6.230150562226035
6.20752429959977
6.203468648751666
6.177933295216313
6.16826681913474
6.139871164474938
6.097241090146748
6.052872879740806
6.017457594816088
5.995276538974659
5.961812845435485
5.918457023060794
5.885743472460457
5.840600724223358
5.817529254812276
5.7938174194778025
5.751711835334473
5.7116554221459825
5.721931770535544
5.675404612159334
5.646167333714501
5.6238825995807105
5.593882980750905
5.568487897846386
5.573458357156464
5.567304745568898
5.551387078330481
5.5178928911759035
5.499334476843912
5.483246045359258
5.442561463693544
5.412305698494377
5.375682866399852
5.374078902229849
5.387392414713163
5.356898799313901
5.297905850962459
5.248615971031061
5.20311339813227
5.167734705546023
5.128367448065562
5.075180484086146
5.0499500667047785
5.025988183724025
4.9951591385553575
5.002654469220513
4.987364970459318
4.978271774347244
5.004520678482947
5.023603582999815
5.0680571755288675
5.122982275586054
5.124006861063473
5.11127882599581
5.090207737754909
5.079693539165238
5.026774919001334
5.031251381741955
4.999037926434159
4.969910425004772
4.948790546979233
4.91713817419477
4.896164665523147
4.85880388793597
4.840952925481228
4.839434343434352
4.801884505431669
4.799359634076609
4.770372403278071
4.749679435868115
4.739031065370694
4.722168096054884
4.708330093386691
4.736268343815507
4.704713550600338
4.702432628168472
4.72225347817801
4.725186963979418
4.757565084810366
4.7993291404612215
4.785436249285307
4.782947970268717
4.810105584143325
4.809593291404616
4.794212311797211
4.79392567181246
4.81703373356203
4.790864112826371
4.782313703068427
4.793517057366113
4.7908275204879
4.774062130741384
4.764273680198213
4.757632170764241
4.774348770726134
4.776416237850207
4.759278825995815
4.78477758719268
4.813557461406527
4.7836615208690665
4.772031255955781
4.729596340766148
4.74418448637316
4.719155326853434
4.727022679626448
4.700194396798162
4.693528492471887
4.686947970268722
4.67933676386507
4.665285305889086
4.660625881456078
4.635139317705348
4.60682294644559
4.597857823518197
4.57331656184486
4.574951019630267
4.5503426720030555
4.539584524490188
4.49818029350104
4.4666986849628305
4.445408042691055
4.4120114351057715
4.3993626834381505
4.384201257861639
4.359647798742134
4.336558033161799
4.3294225271583695
4.32143929864684
4.299227749190008
4.275643987040216
4.2696489422527195
4.262915951972553
4.250035448827905
4.2210604154755025
4.209558223746899
4.211149990470751
4.224256146369357
4.229190013340965
4.2288362874023235
4.213290642271766
4.179826948732609
4.1610184867543385
4.151297122165041
4.16243339050887
4.151419096626639
4.148668572517636
4.134373165618441
4.145167905469795
4.161860110539354
4.178155898608731
4.1734659805603185
4.142252715837623
4.132165427863534
4.1124177625309715
4.097799123308555
4.100226415094337
4.122852677720601
4.115985515532686
4.108057175528881
4.119156851534204
4.101641318848868
4.088907185058121
4.091773584905654
4.158493615399278
4.145253287592905
4.11257632933104
4.082143701162567
4.057925671812469
4.049625309700787
4.053028397179332
4.047716409376782
4.056175338288548
4.047106537068794
4.037732799695071
4.0323720221078645
4.010813036020591
3.9889125214408274
3.9754709357728144
3.9582176481799083
3.931096626643789
3.932420049552126
3.9124833238040746
3.9063785020011474
3.9011275014293876
3.910202401372209
3.9156424623594415
3.897462168858395
3.883404612159327
3.875006670478367
3.8756714312940774
3.8737137411854334
3.8786354107108885
3.8627177434724547
3.8545393558223706
3.861010101010106
3.8695788069373025
3.873603964170004
3.8664684581665743
3.8603575376405637
3.875951972555743
3.8738662092624345
3.8703411473222746
3.876799695063842
3.8921501810558436
3.888899561654282
3.8795014293882226
3.9000236325519424
3.9190272536687685
3.9248271393177094
3.878824471126361
3.8831667619592154
3.8594549266247418
3.8607905469792305
3.8278879359634055
3.8143914617876855
3.7930947207928263
3.79791271202592
3.79332647226987
3.8001448446731456
3.794442538593483
3.800492471888703
3.7851358871736176
3.7723285687059285
3.7608141795311565
3.753983609681729
3.778287021154938
3.7464821802935067
3.736016771488473
3.7542641509433947
3.7542336573279913
3.7558864112826336
3.753721364589282
3.7731579950447918
3.769456070135311
3.7993093196111984
3.8025965313512473
3.7918627787307
3.773042119306278
3.776945302077382
3.7764696016771433
3.7807082142176527
3.798614065180101
3.7881425576519843
3.7828061749571136
3.788874404421569
3.8047920716600028
3.826070516485611
3.825857061177819
3.8000533638269522
3.7896672384219614
3.7886365542214575
3.8029380598437212
3.8275281113016963
3.804694492090725
3.790874785591768
3.7893744997141274
3.786538593481997
3.7844711263579236
3.8419332952163217
3.85992452830188
3.845366876310271
3.822496664760812
3.796973508671627
3.7899782732990306
3.8077804459691174
3.8084452067848282
3.806377739660754
3.805316561844864
3.800529064227174
3.8292113588717425
3.833681722889262
3.817514008004582
3.8206426529445463
3.8228686868686883
3.850989898989891
3.8050116256908786
3.7925580331618134
3.793265485039063
3.7930642271774397
3.818666666666666
3.8206121593291424
3.8358711644749333
3.8588694492090743
3.859955021917284
3.8480686106346513
3.822203926052978
3.8167638650657447
3.809780827139316
3.798559176672378
3.796101391271209
3.772584715075275
3.7449148084619743
3.741956927768247
3.7301924909472124
3.7071271202591976
3.6997232704402534
3.712859919954264
3.7235814751286442
3.746500476462742
3.7671507528111263
3.7590455498380004
3.734772631980179
3.710804650276342
3.687105012388036
3.699747665332573
3.702174957118355
3.7231606632361283
3.709487326091105
3.7030714694110927
3.704693729750331
3.74229845626072
3.751287974080432
3.7406518010291623
3.7965100057175563
3.7751827711072936
3.7421703830760387
3.7400785210596457
3.7817023060796684
3.790929674099491
3.7616009148084646
3.747183533447688
3.7515319230036273
3.7366876310272508
3.7430912902610953
3.749836477987414
3.757106155898608
3.7471042500476455
3.757630646083469
3.737565847150753
3.7457381360777537
3.751684391080611
3.743682866399848
3.7519283400038064
3.7461162569087136
3.737498761196879
3.7420971983990805
3.739840670859534
3.729283781208307
3.7239534972365207
3.7241364589289083
3.7284604535925276
3.7370047646274043
3.7915639412997986
3.7961196874404446
3.7884230989136665
3.7687608157042134
3.7639184295788004
3.754087287974074
3.7749388221840983
3.7968271393177098
3.7839710310653656
3.7792811130169706
3.787794930436443
3.7822999809414877
3.796552696779112
3.824295788069371
3.8225027634838953
3.8018402896893435
3.791783495330657
3.7912773013150316
3.760497045931003
3.746079664570227
3.746262626262631
3.7440121974461524
3.7433108442919716
3.7386209262435757
3.7488118925100107
3.7594602630074325
3.7550691823899385
3.773042119306278
3.7727615780445958
3.795235372593859
3.8154343434343403
3.825155708023637
3.8273329521631405
3.8347063083666812
3.8319740804269133
3.8497274633123615
3.8434274823708785
3.8552224128073167
3.86158947970269
3.8953825042881696
3.9295170573661213
3.955180484086139
3.951338288545842
3.9822527158376197
3.997969125214414
3.99266323613493
3.9856253097007786
3.9652921669525476
3.961517057366109
3.957004002287017
3.9625233466742924
3.974976939203357
3.97356813417191
3.9953466742900754
4.007574614065181
4.023967981703837
4.009416428435294
4.004891175910052
4.037574232894985
4.0413188488660206
4.046264913283779
4.0671591385553585
4.098079664570237
4.125822755860496
4.142838193253291
4.146588907947394
4.1545050505050485
4.172331618067471
4.180333142748234
4.192902611015812
4.199836859157618
4.207252906422714
4.205374499714129
4.215169048980369
4.219139317705363
4.225701543739276
4.251578425767101
4.25282866399848
4.2626110158185675
4.2660019058509615
4.271911568515349
4.242662092624364
4.228653325709936
4.230141414141409
4.2319588336192036
4.240259195730902
4.2536093005527045
4.254609491137787
4.261744997141217
4.275241471316936
4.296666285496477
4.295995425957683
4.315651610444068
4.302222222222223
4.341193062702504
4.345236516104441
4.334094149037545
4.3273062702496725
4.3253912712026
4.334636935391659
4.35394549266247
4.349188488660183
4.338643796455124
4.340308747855918
4.349889841814365
4.3939531160663226
4.4170916714312956
4.411139317705354
4.419683628740231
4.401515532685351
4.4260445969125195
4.430155136268348
4.422623213264722
4.405845626072038
4.4074068991804864
4.429453783114166
4.424891938250436
4.408748618258059
4.445322660567945
4.439321517057364
4.448933104631215
4.448676958261868
4.484287402325142
4.489514008004567
4.5366754335811
4.540188298075091
4.551922241280739
4.571962645321135
4.583946636173046
4.613318086525628
4.63799352010673
4.636078521059658
4.689375262054504
4.68303259005145
4.687319992376598
4.71824051839146
4.692272155517441
4.661485801410328
4.663559367257486
4.666620926243575
4.6749639794168125
4.662065180102912
4.662711644749387
4.662967791118733
4.674226033924143
4.68753344768439
4.709763293310458
4.730602630074332
4.776105202973121
4.808099104250042
4.826224509243382
4.826535544120452
4.850375452639607
4.874904516866776
4.876136458928919
4.9196691442729135
4.921937869258628
4.954907566228329
4.964665523156095
4.975899371069185
5.013711454164282
5.074338860301131
5.075424433009341
5.0803887935963346
5.094495140080041
5.139918429578806
5.161538402896886
5.160361349342483
5.165874595006674
5.154268724985708
5.155927577663435
5.154646845816652
5.1906110158185665
5.152042691061565
5.143827711072993
5.146572136458929
5.15592147894035
5.1455658471507455
5.156903373356197
5.157623022679632
5.163813226605684
5.17280274442538
5.190495140080053
5.1916234038498175
5.198960167714888
5.233478940346868
5.247188869830379
5.236101391271205
5.263759100438339
5.288782161234998
5.3006807699637815
5.31927577663426
5.353782351820089
5.3785492662473855
5.4169346293119816
5.45456375071469
5.445708404802744
5.4705119115685115
5.474598056032019
5.483953497236524
5.4897777777777845
5.457649704593099
5.435535734705544
5.453502572898801
5.418215361158764
5.3908930817610035
5.381153421002471
5.36465637507147
5.354556889651229
5.352794358681157
5.3747375643224755
5.405048218029349
5.44871507528111
5.459522012578617
5.477915761387455
5.513898227558606
5.530279397751094
5.557229655040977
5.606915951972554
5.616911759100433
5.659810177244137
5.656193634457784
5.673678673527734
5.675514389174763
5.716357537640563
5.743167524299596
5.744118925100057
5.748882027825427
5.758103297122166
5.7350074328187475
5.734934248141789
5.809600914808454
5.8340567943586805
5.846150562226036
5.876070897655799
5.930172670097206
5.934386887745379
5.923006670478373
5.966057556699062
5.986945683247574
5.994532494758905
6.004857632933106
6.007284924718888
6.016060987230793
6.050781017724413
6.10680388793596
6.119342862588151
6.118983037926426
6.129613112254628
6.120410139127125
6.13711454164285
6.155630264913286
6.152727272727266
6.188667047836861
6.205633695445018
6.238932723461023
6.3031156851534185
6.343123308557271
6.375330665141981
6.420985706117774
6.453845626072044
6.467146941109207
6.449259386315995
6.44289231942062
6.45415056222603
6.481064227177442
6.481668000762346
6.473605488850776
6.473886030112441
6.456150943396229
6.4816801982084975
6.475307032590057
6.465707642462356
6.512112826376986
6.496390318277108
6.472452830188674
6.471019630264907
6.481064227177442
6.510441776253091
6.511051648561078
6.569257861635213
6.576978845054311
6.605581856298837
6.647937488088427
6.64365618448638
6.697910425004771
6.7571900133409635
6.802857251762908
6.781334858014104
6.775913093196108
6.757787688202783
6.77632780636554
6.75492128835525
6.75758033161806
6.740747855917668
6.75724490184867
6.800423861254059
6.819201829616925
6.833875357347063
6.871473985134369
6.824617495711838
6.882890794739846
6.885330283971797
6.8579836096817175
6.873059653135121
6.867930627024974
6.846951019630268
6.8688393367638625
6.878389937106923
6.893630646083477
6.897826567562417
6.8844032780636555
6.863978654469213
6.839961882980755
6.854123117972168
6.849561273108437
6.8120297312750075
6.835131694301509
6.863008957499519
6.892471888698309
6.887928340003816
6.899570802363251
6.885897465218213
6.865167905469785
6.837845626072042
6.875657709167138
6.883653135124835
6.919117209834191
6.926088050314469
6.9000708976558105
6.8984364398704034
6.933382123117966
6.915073756432255
6.948909472079288
6.959240708976557
6.954843529635979
6.968547360396422
6.9919786544692135
6.991692014484463
7.005877644368212
7.004840861444642
6.985172479512106
6.963619592147899
6.957484276729553
7.0032551934438745
7.017599390127692
7.0449704593100755
7.004334667429
7.01439756051077
7.031900895749955
7.042476081570418
7.043451877263197
7.053093958452453
7.05731427482371
7.056106727653903
7.131676005336389
7.117825805222029
7.108202020202027
7.098187916904895
7.0824044215742274
7.070829045168664
7.0667855917667275
7.07328683056985
7.081459119496851
7.071914617876875
7.072414713169432
7.064437583380971
7.041762530970084
7.0367127882599645
7.019471698113209
7.034925862397556
7.037340956737187
7.02799771297885
7.027570802363252
7.0259851343625
7.036657899752241
7.097687821612355
7.0725732799695
7.114995997712984
7.128968172288924
7.143196493234229
7.1338044596912535
7.130992948351443
7.133157995044795
7.142153611587575
7.1496367448065605
7.147197255574611
7.134853440060993
7.121448446731467
7.120082332761575
7.151454164284356
7.144153992757774
7.138366304554984
7.115904707451873
7.099425957690106
7.082502001143505
7.088399466361723
7.146154373927955
7.129828092243192
7.138226033924151
7.1131602820659365
7.097620735658479
7.0919855155326905
7.074427291785783
7.071347436630458
7.094510386887751
7.085777015437386
7.1005664189060385
7.111172098341906
7.116270630836665
7.119905469792254
7.1188625881456
7.1163377167905395
7.117844101391264
7.130919763674484
7.134243567753004
7.1256626643796395
7.128785210596536
7.155698875547932
7.155021917286071
7.165609300552702
7.158790928149425
7.215027253668764
7.227840670859536
7.210075090527922
7.204567943586815
7.209392033542976
7.221382123117969
7.206586620926249
7.204939965694675
7.216960548885072
7.233353916523728
7.228023632551942
7.275307032590056
7.2342870211549535
7.234073565847145
7.245984372022113
7.276734133790738
7.29148084619782
7.277636744806561
7.268848484848488
7.268086144463499
7.282418143701166
7.254168858395281
7.293438536306464
7.330579759862782
7.356779874213829
7.3655254431103465
7.414705546026297
7.408716599961885
7.430080426910618
7.532362111682861
7.488487897846392
7.4777968362874
7.4833832666285485
7.461684009910425
7.4553718315227755
7.470533257099289
7.45850047646274
7.448663236134929
7.457305126739083
7.486170383076039
7.46784981894416
7.484548122736802
7.456536687631028
7.4511881074899895
7.4303853630646035
7.422957118353341
7.422194777968367
7.448425385934818
7.4354655993901275
7.46288545835715
7.459726319801799
7.458043072231753
7.495531923003629
7.4744303411473245
7.465367638650655
7.438411282637704
7.446931198780262
7.436441395082907
7.440783685915762
7.4368073184677
7.483310081951592
7.432385744234803
7.426707833047459
7.424317133600149
7.4044901848675435
7.381595578425765
7.364641128263777
7.370044596912521
7.370386125404995
7.352779111873447
7.363262816847715
7.367922241280725
7.3470707070707
7.336324757004001
7.315985515532686
7.327993901276915
7.312112826376986
7.317193062702493
7.313125214408236
7.3047516676195965
7.301037545263965
7.307050886220696
7.299061558986085
7.303220888126552
7.297738136077764
7.294322851153033
7.3308481036782975
7.2836317895940565
7.258035448827897
7.250997522393746
7.251973318086526
7.251052410901469
7.245697732037347
7.238318277110722
7.225565847150755
7.192461978273307
7.184411663807888
7.170427291785779
7.155857442348001
7.119923765961506
7.104030493615392
7.103341337907378
7.091576901086327
7.08394739851344
7.090832856870591
7.077452258433385
7.053081761006284
7.036548122736795
7.036145607013531
7.036840861444629
7.028284352963602
7.0299432056413105
7.026595006670472
7.027113398132265
7.026027825424055
7.017733562035441
7.004779874213835
6.991387078330477
6.981488850771876
6.985568896512284
6.968193634457781
6.946244330093379
6.938395273489616
6.914494377739653
6.9012967409948525
6.890160472651042
6.881854011816276
6.863954259576895
6.871510577472839
6.863722508099867
6.847036401753377
6.82220850009529
6.814060606060609
6.799100438345721
6.784298837430916
6.756470364017531
6.742303030303034
6.733441585668003
6.722323613493426
6.723165237278442
6.711211740041935
6.698020202020201
6.690945683247563
6.674546216885838
6.670746712407097
6.635569277682491
6.630976939203356
6.619096626643792
6.60512445206785
6.618944158566807
6.6154617876882025
6.625579569277678
6.614315227749186
6.604404802744433
6.589975223937489
6.569495711835341
6.560493996569461
6.538264150943393
6.526652182199359
6.521163331427488
6.521681722889265
6.520986468458167
6.504940728035067
6.505928721174
6.510807699637884
6.509606251191161
6.509063464837047
6.507252144082337
6.499165237278446
6.497603964169999
6.488565656565664
6.4781856298837415
6.4649453020773855
6.449375262054508
6.422851915380223
6.4017991233085585
6.400390318277112
6.389315037164091
6.37917895940538
6.378123880312557
6.372677720602256
6.38333828854583
6.352362874023244
6.35384486373165
6.346264150943402
6.33288965122928
6.3317979797979875
6.355784257671042
6.33658547741566
6.326333523918434
6.277836477987429
6.253356203544882
6.268206594244326
6.257174004192876
6.255899371069179
6.26183952734897
6.253673337145036
6.249617686296931
6.243945873832672
6.231297122165051
6.224771488469609
6.208841623785024
6.214306079664576
6.203834572136458
6.21187268915571
6.215196493234229
6.205810558414338
6.206542405183907
6.2105187726319855
6.198717743472463
6.174652182199349
6.1551423670668965
6.155032590051451
6.156843910806177
6.149482752048789
6.142164284352971
6.144164665523154
6.147665332570995
6.138370878597297
6.117372975033356
6.107108824089962
6.108182199352004
6.094612540499326
6.092435296359822
6.077255574614058
6.072864493996564
6.071717934057563
6.06205145797599
6.043907756813414
6.027050886220704
6.008157042119307
5.99442881646656
5.995636363636367
5.982493615399273
5.963209453020781
5.956915570802365
5.943595959595966
5.92120144844673
5.9179142367066975
5.905411854392994
5.891207928340009
5.878150562226041
5.857921097770155
5.852505431675242
5.846400609872316
5.8501513245664185
5.823682866399841
5.806886983037922
5.774917476653322
5.781247951210207
5.79829998094149
5.80016009148084
5.805447684391087
5.806460072422339
5.801507909281496
5.791664570230601
5.802721555174387
5.791316943015061
5.783266628549642
5.782851915380211
5.779058509624552
5.786157423289494
5.7991720983419075
5.810046121593289
5.807082142176478
5.805197636744809
5.8023495330665105
5.798086525633699
5.789786163522017
5.778113207547176
5.7794671240709
5.767062321326474
5.751388603011252
5.744240899561654
5.734098723079859
5.723499142367059
5.708276729559756
5.7050992948351364
5.704794358681151
5.703086716218786
5.693999618829813
5.679807890222979
5.667366495140082
5.6679336763864985
5.676545073375267
5.67522165046693
5.673568896512287
5.662030112445212
5.640410139127115
5.63503106537069
5.6393367638650735
5.638830569849432
5.634591957308939
5.622784829426332
5.609873832666282
5.601664951400793
5.598109395845246
5.589619973318094
5.587436630455506
5.578697160282073
5.566932723461022
5.577904326281681
5.569036782923583
5.565664189060407
5.579898608728796
5.575684391080623
5.589504097579563
5.593535353535349
5.592815704211931
5.5984143319992326
5.60106117781589
5.601603964170003
5.594791690489811
5.5875586049171035
5.592626643796459
5.60412273680198
5.599987802553849
5.595255193443864
5.594901467505241
5.590296931579955
5.5921204497808334
5.592474175719459
5.5958772631980205
5.61092281303602
5.601481989708406
5.596792071659993
5.5924924718886935
5.599579188107484
5.598219172860676
5.589168667810174
5.595749190013339
5.588259958071285
5.574903754526399
5.569006289308179
5.556692967409948
5.5473802172670155
5.54418448637316
5.534713169430142
5.522893844101385
5.52715075281113
5.527760625119117
5.513221269296744
5.50512826376977
5.4870821421764875
5.480641890604156
5.476073947017341
5.468901848675441
5.471634076615208
5.475018867924535
5.468316371259772
5.460320945302076
5.4610405946254925
5.461284543548688
5.46242500476462
5.454447874976177
5.459137793024588
5.4526670478368535
5.444659424433005
5.431175147703454
5.427040213455307
5.421368400991048
5.409109967600538
5.411750714694112
5.393686296931579
5.3784516866781065
5.36744349151896
5.3573196112064
5.350330474556888
5.3419142367066925
5.334150562226039
5.328551934438722
5.323618067467131
5.313951591385557
5.3029494949494955
5.303126357918816
5.30330322088812
5.297125214408235
5.302815323041746
5.307785782351824
5.309194587383271
5.31038993710691
5.3124757004002365
5.3041753382885375
5.290264150943404
5.273590242043065
5.271486182580521
5.269571183533447
5.265747284162385
5.2607585286830565
5.261807509052795
5.248701353154187
5.249189251000578
5.241285305889075
5.229923384791305
5.210364779874213
5.200399466361738
5.198521059653136
5.185207547169806
5.180731084429201
5.178645321135892
5.175345911949691
5.1648317133600194
5.156171526586629
5.153408805031441
5.145230417381357
5.136167714884703
5.1257632933104595
5.126306079664573
5.122287021154939
5.118359443491515
5.120243948923202
5.111986277873075
5.105966838193258
5.100484086144471
5.094141414141417
5.077400419287203
5.080529064227184
5.066081189251004
5.061427863541064
5.063483133218986
5.0611229273870775
5.056048789784637
5.054072803506758
5.059866590432631
5.083371069182398
5.083761387459494
5.079699637888321
5.08287097388984
5.078388412426152
5.079534972365169
5.077095483133219
5.075863541071091
5.071753001715264
5.0817122165046715
5.0872742519535015
5.0917263198017855
5.089799123308562
5.087951210215364
5.083810177244132
5.077863922241274
5.075028016009144
5.071844482561458
5.07066133028397
5.049224318658277
5.039801791499899
5.031129407280357
5.020127310844295
5.003477796836292
5.002971602820666
5.00392300362111
5.002209262435678
5.0141078711644775
5.027701924909475
5.019907756813419
5.0140041928721155
5.014345721364589
5.019987040213461
5.0118818372403355
5.013430912902616
5.022890032399466
5.0329102344196635
5.0386186392224115
5.038100247760617
5.032385744234803
5.029287592910226
5.044985706117785
5.049956165427863
5.054420430722315
5.0553474366304565
5.0484131884886665
5.048779111873459
5.04783990851915
5.044040404040408
5.036288927005907
5.0481265485039
5.051676005336379
5.0578418143701125
5.062025538402899
5.063385553649708
5.068837812083092
5.066898418143699
5.062257289879926
5.062043834572134
5.05904936153992
5.058158947970266
5.055804840861443
5.047205641318843
5.054371640937676
5.046583571564703
5.0476752429959975
5.042265675624169
5.038008766914424
5.040368972746331
5.036636554221464
5.034020202020209
5.029848675433575
5.027464074709364
5.030263388603006
5.023463312368966
5.03086716218791
5.016559557842579
5.003429007051652
4.994982275586054
4.98932875929103
4.985498761196868
4.9759908519153795
4.972703640175331
4.959652372784446
4.94669868496284
4.945765580331615
4.945789975223935
4.952303411473225
4.954931961120647
4.956359062321329
4.955005145797606
4.947680579378687
4.9501566609491086
4.954194015627978
4.967873451496086
4.968702877834948
4.964275204878984
4.9600609872307935
4.95556012959787
4.953236516104434
4.9529071850581285
4.958213074137595
4.961683247570033
4.961927196493227
4.979448827901665
4.971801029159526
4.966238993710696
4.977064227177437
4.966611015818556
4.962158947970271
4.968452830188686
4.948491709548315
4.937385934819891
4.934970840480276
4.915814751286449
4.912027444253859
4.899055460263001
4.89615856680008
4.881546026300748
4.854132266056794
4.856687631027258
4.849381360777592
4.850192490947203
4.847362683438157
4.834555364970451
4.847423670668947
4.854028587764432
4.851570802363263
4.835927577663427
4.830359443491513
4.852510005717555
4.845923384791306
4.844563369544498
4.840141795311601
4.839727082142169
4.839495330665143
4.833585668000755
4.834293119878021
4.83761692395654
4.838037735849056
4.841910425004773
4.843557080236331
4.8515769010863306
4.843075281113025
4.832109777015433
4.81978425767105
4.811148465789979
4.79395006670478
4.779148465789976
4.781783114160465
4.783008957499525
4.783783495330664
4.776727272727277
4.80278711644749
4.790321326472275
4.78960167714884
4.794383076043447
4.783728606822941
4.76940270630836
4.7474473032208895
4.7341093958452385
4.726309129026115
4.74593481989708
4.737671050123886
4.734383838383838
4.734615589860881
4.7362134553078
4.736469601677147
4.734883933676379
4.731438155136262
4.722893844101385
4.699310081951593
4.7020240137221245
4.697016962073559
4.697962264150936
4.693650466933485
4.688917857823518
4.684118162759676
4.687137030684195
4.689241090146756
4.692827139317705
4.687923765961502
4.687021154945681
4.677397369925678
4.674134553077948
4.677494949494957
4.6703594434915265
4.672896512292738
4.6658646845816705
4.667029540689923
4.666639222412811
4.662723842195539
4.669340956737175
4.672811130169628
4.6679809414903835
4.666053744997142
4.6680907185058125
4.6680907185058125
4.670511911568511
4.672384219554028
4.648830951019624
4.653179340575562
4.665181627596724
4.6599367257480475
4.660205069563562
4.651758338097964
4.6391278825995785
4.645366876310271
4.637816657137409
4.6346758147512945
4.633456070135319
4.62994320564131
4.625131313131318
4.6119153802172645
4.6028099866590395
4.581543739279583
4.569163331427477
4.558527158376207
4.556447493805981
4.552135696588531
4.540304173813605
4.539389365351632
4.558850390699445
4.558039260529833
4.554995997712981
4.557161044406331
4.552086906803892
4.5553192300362175
4.557996569468262
4.556136458928912
4.550428054126165
4.571493043643981
4.572926243567748
4.627515913855529
4.597437011625698
4.5734812273680125
4.56328416237851
4.5508244711263615
4.541798360968179
4.5359435868115145
4.5335650848103715
4.540889651229273
4.536358299980947
4.529192300362113
4.524910996760049
4.517757194587384
4.506376977320377
4.49858280922432
4.488416237850205
4.484305698494377
4.482287021154942
4.470126167333712
4.466125404993329
4.449994282447105
4.4502931198780225
4.441620735658464
4.436198970840484
4.421610825233471
4.415969506384599
4.40721174004193
4.401722889270059
4.402454736039644
4.3852807318467635
4.377858585858584
4.368564131884887
4.368801982084998
4.363849818944155
4.3610261101581935
4.361215170573665
4.352634267200301
4.34712102153611
4.3415833809796
4.328416237850202
4.3131206403659235
4.302710120068613
4.287030303030306
4.266715456451311
4.255237659615011
4.241509433962263
4.222365542214605
4.210619401562806
4.197403468648752
4.191499904707449
4.191749952353728
4.183967981703823
4.179656184486372
4.175393177053559
4.169825042881645
4.161116066323616
4.153437773966074
4.148388031255953
4.140545073375258
4.13016504669335
4.109490375452647
4.0953718315227725
4.078301505622254
4.058809986659038
4.040605298265671
4.0334819897084095
4.029700781398886
4.020857632933109
4.010995997712978
4.018570611778159
4.0197232704402435
4.0267611968744115
4.021754145225846
4.020522203163719
4.014100247760623
4.016362874023253
4.012069372975036
3.994541642843532
3.9978349533066484
3.997615399275773
3.987339050886228
3.970140651801028
3.9637674861825873
3.9521067276538977
3.947849818944153
3.947178959405375
3.9405618448637387
3.925699256718128
3.922247379454926
3.911373356203545
3.9106415094339604
3.9106963979416833
3.9139897084047997
3.908269106155901
3.909385172479514
3.9015666094911383
3.9074274823708866
3.9178136077758774
3.9216862969315778
3.9189174766533226
3.9115136268343784
3.9102999809414873
3.903804840861449
3.900914046121596
3.8962607204116715
3.895998475319224
3.8980232513817428
3.900218791690482
3.8986148275204955
3.8958460072422403
3.881257861635227
3.874360205831908
3.8752933104631166
3.868920144844676
3.8796782923575432
3.8900522203163668
3.9019935201067217
3.905573470554604
3.9086716218791646
3.9068846960167734
3.9131114922812973
3.919106537068794
3.9184844673146557
3.9216558033161744
3.921619210977703
3.914282447112634
3.9116051076805722
3.9027131694301556
3.8980537449971466
3.8973889841814358
3.9025424051839184
3.9067322279397723
3.90198132266057
3.89662054507338
3.8971206403659213
3.897437773966075
3.8844962835906203
3.880458928911751
3.8691884886601904
3.8697983609681783
3.862522584333899
3.8586133028397107
3.855466361730512
3.8476173051267324
3.8391522774918982
3.839170573661134
3.8459889460644097
3.860741757194592
3.8568690680388746
3.8572471888698354
3.8504471126357944
3.848544311034874
3.8361639031827677
3.8261376024394846
3.8110737564322497
3.8145378311416027
3.8155319230036184
3.804304173813613
3.7928690680388835
3.7966868686868604
3.798418906041545
3.8004558795502157
3.7974614065180172
3.792405565084813
3.7962416619020423
3.8022428054126234
3.8002302267962724
3.804962835906239
3.79633924147132
3.7918871736230195
3.796125786163529
3.785825042881648
3.763461025347814
3.746982275586048
3.738261101581851
3.7535323041738096
3.7847516676195894
3.7864166190203994
3.787794930436443
3.783165999618822
3.7736397941680973
3.7820621307413766
3.779976367448068
3.77856756241662
3.7838856489422557
3.783800266819129
3.77431675242996
3.7477019249094656
3.7256977320373563
3.689666476081567
3.673486563750719
3.653507146941113
3.628465789975218
3.6059615018105515
3.5904890413569692
3.575626453211358
3.560123499142372
3.531654659805595
3.5059241471316867
3.4939340575566926
3.4942755860491657
3.4838528683057035
3.4744791309319636
3.443692776824851
3.4277446159710303
3.412662473794543
3.384797408042686
3.3707520487897864
3.363872689155704
3.342002668191344
3.330677339432061
3.315900133409559
3.2894987611968727
3.2659454926624676
3.2613348580140986
3.2206136840099133
3.214777206022485
3.190583571564705
3.176751667619597
3.1636211168286703
3.1530032399466354
3.142312178387643
3.1140811892509936
3.0871248332380428
3.0555883361921095
3.050983800266824
3.0268633504859856
2.9858311416047316
2.940657899752246
2.9217579569277654
2.896838574423484
2.88369582618639
2.89129483514389
2.891148465789973
2.864911759100439
2.818104059462547
2.795703449590242
2.7970268724985625
2.795746140651797
2.800094530207736
2.798057556699066
2.7970024776062434
2.787610444063268
2.772198970840476
2.7675395464074675
2.750951019630272
2.745004764627414
2.72928835525062
2.7129925671812423
2.6932022107871245
2.687329140461208
2.672692205069556
2.6644040404040426
2.6467604345340243
2.626445587955029
2.6121562797789175
2.599812464265299
2.5845534591194914
2.5689346293119923
2.5465950066704783
2.5322447112635764
2.518083476272163
2.5169613112254656
2.5133630646083476
2.510094149037551
2.4990615589860843
2.493914236706686
2.4876569468267586
2.489193825042887
2.4844795121021557
2.4766121593291412
2.481485039069941
2.4855772822565334
2.4512597674861767
2.4358056032018296
2.442666666666661
2.4317682485229604
2.430786354107113
2.433463693539158
2.449448446731466
2.4674823708785962
2.4512902611015805
2.4382572898799313
2.437921860110542
2.444941490375459
2.439519725557462
2.4620362111682796
2.4416908709738974
2.4441181627596795
2.432725748046505
2.430536306460834
2.470428054126172
2.4587185058128442
2.4582001143510506
2.471867352773006
2.483241471316945
2.4787650085763246
2.4876447493805904
2.4958109395845236
2.502507337526202
2.4958658280922466
2.5007996950638534
2.5034099485420236
2.514674290070517
2.512143319992372
2.508417000190589
2.5187055460263017
2.523913855536491
2.529908900323988
2.5288660186773333
2.5343853630646085
2.5460888126548524
2.545735086716211
2.5417587192681492
2.54239908519154
2.530116256908712
2.5489796073947053
2.554688012197452
2.561274633123685
2.561384410139131
2.5648423861253997
2.5595060034305295
2.5615551743853673
2.563415284924717
2.559432818753571
2.558042309891359
2.5552734896131204
2.556255384028968
2.5599817038307675
2.5566030112445253
2.560359824661712
2.560225652753963
2.560512292738713
2.5525656565656556
2.5484429197636764
2.5415635601295934
2.53586125404993
2.521449971412238
2.519230036211163
2.5200777587192613
2.530933485801407
2.5345744234800804
2.526408233276164
2.5209010863350407
2.510618639222412
2.5109052792071616
2.51696740994855
2.5217488088431557
2.5292136458928907
2.5252128835525087
2.5168759291023393
2.5187238421955374
2.525792262245093
2.5331900133409526
2.5360076234038473
2.5299576901086267
2.538459310081949
2.5463266628549635
2.549376024394885
2.5505347817800694
2.5559382504288144
2.5483209453020788
2.5460278254240456
2.540209643605869
2.5412281303602042
2.5463815513626864
2.549870020964359
2.5589815132456684
2.5599024204307255
2.545338669716032
2.5499554030874854
2.5352025919573036
2.532897274633119
2.5393314274823666
2.541581856298845
2.568001524680767
2.5623175147703394
2.5766617114541575
2.5762226033924227
2.5833581093958524
2.586541642843523
2.584590051457979
2.5736672384219594
2.5837301315037124
2.5615978654469225
2.5589266247379454
2.5667634838955564
2.5672208881265433
2.5640983419096632
2.579961120640374
2.5680320182961704
2.563616542786357
2.563220125786161
2.5654461597103033
2.5672513817419462
2.584144844673144
2.5850413569658817
2.5783693539165227
2.5817968362874044
2.5903594434915167
2.5940491709548286
2.6028374309129005
2.593756432246995
2.5926891557080207
2.600574804650271
2.6137785401181564
2.618718505812847
2.63556927768249
2.6366609491137836
2.642912140270627
2.6471934438726916
2.6510112445206855
2.6741376024394907
2.6754183342862565
2.6724238612540416
2.67361311225463
2.6588968934629356
2.6506758147512794
2.6521456070135336
2.630336573279965
2.605892891175906
2.5925366876310196
2.578729178578231
2.575923765961505
2.5886091099675967
2.58990203926053
2.592878216123493
2.582046883933683
2.5778814560701324
2.576795883361923
2.5710203926053015
2.5731610444063335
2.575271202591962
2.563775109586426
2.5539073756432282
2.573087859729375
2.5847425195349802
2.5787535734705505
2.580619782732984
2.5862062130741337
2.5747345149609333
2.5800099104249967
2.5846632361349373
2.590292357537642
2.5973241852487097
2.6107169811320836
2.6100766152086923
2.615120259195729
2.623621879169051
2.6415948160853904
2.630037735849063
2.626774919001334
2.6291351248332417
2.6185416428435264
2.61535810939584
2.6226094911377995
2.623262054507342
2.625664951400805
2.6330017152658582
2.6375391652372855
2.6438208500095324
2.6400152468077067
2.633654278635417
2.633745759481611
2.6295498380026734
2.6408080808080823
2.642485229655044
2.6280617495711835
2.6135772822565326
2.5969216695254462
2.60025157232705
2.60033695445016
2.599458738326658
2.6060758528683103
2.604825614636932
2.617498761196872
2.6145103868877415
2.6167120259195804
2.623969506384608
2.6164497808271334
2.612760053363821
2.599842957880686
2.611339050886223
2.605459881837239
2.6037400419287224
2.6147665332571046
2.6221642843529644
2.6183769773203744
2.6255307794930394
2.624121974461592
2.61535810939584
2.6130405946255038
2.62823251381742
2.6150653706880056
2.619230798551557
2.6207981703830723
2.618090337335624
2.6393931770535515
2.6393138936535085
2.6666788641128236
2.648047265103874
2.627354297693918
2.633459119496861
2.631891747665329
2.6493706880121946
2.6597751095864375
2.664788259958071
2.661793786925856
2.6534080426910642
2.651450352582436
2.6409605488850834
2.630922050695633
2.6384417762530905
2.629610825233464
2.605161044406321
2.6068869830379215
2.6109914236706655
2.6200907185058067
2.6463152277491893
2.658439489231949
2.657933295216307
2.664910234419668
2.671429769392026
2.6768271393177034
2.6732349914236693
2.6779980941490398
2.673704593100824
2.6441928721173924
2.6325626072041235
2.6500415475509893
2.651432056413184
2.651572327044017
2.651072231751476
2.6600739470173393
2.6759611206403697
2.6763941299790366
2.685841052029735
2.6984288164665484
2.6986300743281886
2.6988740232513835
2.721286830569856
2.7218906041547597
2.720481799123313
2.7162309891366516
2.711638650657518
2.712565656565659
2.720012197446158
2.7240129597865397
2.7282942633886047
2.732063274251959
2.7319656946826814
2.7305568896512344
2.737289879931384
2.739729369163334
2.7377777777777736
2.7377655803316223
2.7382961692395673
2.736655612731077
2.7317400419287217
2.7323011244520705
2.7318254240518316
2.7379180484086065
2.7522500476462732
2.761477415666096
2.7565679435868082
2.7641486563750735
2.7713512483323774
2.7689605488850826
2.767460263007425
2.7674419668381893
2.7744006098723153
2.7680030493615377
2.775638650657526
2.776340003811707
2.784048789784637
2.7888606822946462
2.784323232323236
2.7853295216314025
2.7878056032018237
2.786701734324379
2.7829510196302594
2.7777305126739025
2.778358681151142
2.777950066704778
2.7896413188488705
2.800576329331042
2.7915502191728594
2.8013142748237114
2.8114564513055074
2.8017777777777817
2.799307794930445
2.785323422908335
2.7816519916142584
2.7782306079664605
2.7863846007242254
2.788214217648188
2.7901841052029672
2.7917758719268186
2.7981368400991085
2.7983929864684547
2.801241090146753
2.7977526205450807
2.7862687249857117
2.782206975414523
2.7956607585286872
2.808943777396615
2.802918238993714
2.80488812654851
2.8056321707642464
2.799911568515348
2.790531732418524
2.781383647798744
2.7737663426720083
2.7791454164284337
2.780926243567757
2.7759191919191917
2.772784448256144
2.7741261673337165
2.7731625690871042
2.777950066704778
2.76916790546979
2.7609590242043023
2.7994968553459167
2.7656184486373108
2.7613066514198596
2.762874023251375
2.7662710120068534
2.77375414522584
2.7823350485992044
2.789507146941105
2.7933066514198632
2.791867352773013
2.7902024013722193
2.786866399847531
2.7722355631789637
2.759678292357537
2.7449681722889263
2.73201448446732
2.731849818944151
2.714645321135884
2.7096748618258064
2.7082416619020395
